353329100172176
359629080674032
359629080674040
359629080674057
359629080674065
359629080674073
357351090733409
357361093277171
356079096299098
356084095382465
352861091400233
356079095881540
356079095980854
356079096034651
356998090008926
357463099524026
357463099535576
358138096621053
358138096649658
358138097222844
357355091788692
357359093814134
357361093918162
357361093966617
357369093939005
357359093505765
357359093599800
357356092448336
357356092817050
359694091646395
359694091653631
359694091657269
359694091657772
357352092860711
357363092526400
357361093224702
357463099429929
357463099449133
357463099471533
357463099478223
357463099478298
357463099479734
357463099479916
357463099480419
357463099480500
357463099481193
351907090126617
357359093778529
357367098259007
353329100709373
357367098127170
